       0       0       1      10   2.00991   2.00991
       0       0       1      11   202.799   52.7992   
       0       0       1      12  0.273118  0.273118
       0       0       1      13   200.945   50.9452   
       0       2       1      11   49.0481   60.4481    
       0       2       1      13   41.6341   53.0341    
       0       3       1      11    44.429    55.829    
       0       4       1      10   199.379   54.3787      
       0       4       1      11  -3.07024   9.52976         
       0       4       1      13   33.9083   50.3083       
       0       6       1      11   38.7454   50.1454    
       0       7       1      10   201.999   51.9994   
       0       7       1      11   46.6152   58.0152    
       0       7       1      13   38.6037   50.0037    
       1      10       2       2   202.779    52.779   
       1      10       2       3   45.9981   57.3981    
       1      10       2       5  -2.32024   6.47976       
       1      10       2       6   43.5652   54.9652    
       1      11       2       1  -2.77401   6.02599         
       1      11       2       5   34.9287   51.3287       
       1      13       2       1   34.8856   51.2856       
       2       1       3       3   40.8739   57.2739       
       2       1       3       6   195.461   50.4611      
       2       1       3       7  -3.43738   5.36262         
       2       2       3       0   45.8739   57.2739    
       2       2       3       5   43.5571   54.9571    
       2       2       3       6   206.228   56.2284   
       2       2       3       7   47.1605   58.5605    
       2       3       3       5   44.5232   55.9232    
       2       3       3       6   0.80562   12.2056    
       2       3       3       7   208.046   58.0461   
       2       4       3       2   39.5232   55.9232       
       2       4       3       3   199.957   54.9571      
       2       4       3       6   38.7981   55.1981       
       2       5       3       6   34.9158   51.3158       
       2       6       3       0   1.56262   5.36262    
       2       6       3       2   208.046   58.0461   
       2       6       3       3   47.1605   58.5605    
       2       7       3       0   39.0611   50.4611    
       2       7       3       2   0.80562   12.2056    
       2       7       3       3   206.228   56.2284   
       2       7       3       4   201.316   51.3158   
       2       7       3       5   43.7981   55.1981    
       3       1       4       3   45.9739   57.3739    
       3       1       4       6   200.561   50.5611   
       3       1       4       7   1.66262   5.46262    
       3       2       4       0   45.9739   57.3739    
       3       2       4       5   43.6571   55.0571    
       3       2       4       6   206.328   56.3284   
       3       2       4       7   47.2605   58.6605    
       3       3       4       5   44.6232   56.0232    
       3       3       4       6   0.90562   12.3056    
       3       3       4       7   208.146   58.1461   
       3       4       4       2   44.6232   56.0232    
       3       4       4       3   205.057   55.0571   
       3       4       4       6   43.8981   55.2981    
       3       5       4       6   40.0158   51.4158    
       3       6       4       0   1.66262   5.46262    
       3       6       4       2   208.146   58.1461   
       3       6       4       3   47.2605   58.6605    
       3       7       4       0   39.1611   50.5611    
       3       7       4       2   0.90562   12.3056      
       3       7       4       3   206.328   56.3284   
       3       7       4       4   201.416   51.4158   
       3       7       4       5   43.8981   55.2981    
       4       0       5       8   1.25989   1.25989
       4       0       5       9   80.8222   80.8222
       4       0       5      10  0.901219  0.901219
       4       0       5      11   93.3992   93.3992
       4       0       5      12   2.15201   2.15201
       4       0       5      13   91.5452   91.5452
       4       1       5       8   67.6217   67.6217
       4       1       5       9   85.9561   85.9561
       4       1       5      10   78.3655   78.3655
       4       1       5      11   90.1412   90.1412
       4       1       5      12   70.4921   70.4921
       4       1       5      13   85.5325   85.5325
       4       2       5       8   77.1134   77.1134
       4       2       5       9   21.9658   21.9658
       4       2       5      10   88.4465   88.4465
       4       2       5      11   20.0953   20.0953
       4       2       5      12   80.4188   80.4188
       4       2       5      13   3.19626   3.19626  
       4       3       5       8   76.0564   76.0564
       4       3       5       9   87.0554   87.0554
       4       3       5      10   88.5096   88.5096
       4       3       5      11    96.429    96.429
       4       3       5      12   76.8831   76.8831
       4       3       5      13   86.0475   86.0475
       4       4       5       8   82.5352   82.5352
       4       4       5       9   35.9433   35.9433
       4       4       5      10   94.9787   94.9787
       4       4       5      11   38.4666   38.4666
       4       4       5      12   84.1379   84.1379
       4       4       5      13   6.18776   6.18776
       4       5       5       8   80.1429   80.1429
       4       5       5       9   73.2973   73.2973
       4       5       5      10   88.3331   88.3331
       4       5       5      11   85.8671   85.8671
       4       5       5      12   79.0082   79.0082
       4       5       5      13   82.6624   82.6624
       4       6       5       8   69.0028   69.0028
       4       6       5       9   85.0345   85.0345
       4       6       5      10   80.2183   80.2183
       4       6       5      11   90.7454   90.7454
       4       6       5      12   70.8817   70.8817
       4       6       5      13   10.9628   10.9628
       4       7       5       8   81.0101   81.0101
       4       7       5       9   87.7175   87.7175
       4       7       5      10   92.5994   92.5994
       4       7       5      11   98.6152   98.6152
       4       7       5      12   81.2159   81.2159
       4       7       5      13   90.6037   90.6037
       5       8       6      10   82.0122   82.0122
       5       8       6      11   38.9106   38.9106
       5       8       6      12   77.1551   77.1551
       5       8       6      13   12.0426   12.0426
       5       9       6      10  0.361861  0.361861
       5       9       6      11   84.0247   84.0247
       5       9       6      12  0.283064  0.283064
       5       9       6      13   82.5072   82.5072
       5      10       6       8   84.0247   84.0247
       5      10       6       9   38.9106   38.9106
       5      10       6      12   136.985   86.9847  
       5      10       6      13    59.102   9.10204  
       5      11       6       8  0.361861  0.361861
       5      11       6       9   82.0122   82.0122
       5      11       6      12   52.6733   2.67326  
       5      11       6      13   139.943   89.9431  
       5      12       6       8   82.5072   82.5072
       5      12       6       9   12.0426   12.0426
       5      12       6      10   139.943   89.9431  
       5      12       6      11    59.102   9.10204  
       5      13       6       8  0.283064  0.283064  
       5      13       6       9   77.1551   77.1551
       5      13       6      10   52.6733   2.67326  
       5      13       6      11   136.985   86.9847  
