       0       0       2       2   76.7209   76.7209
       0       0       2       3   0.52661   0.52661
       0       0       2       4   71.9903   76.9903   
       0       0       2       5  -2.70658   2.29342   
       0       0       2       6   83.1255   83.1255
       0       0       2       7   71.0454   71.0454
       0       0       3       2   105.103   105.103
       0       0       3       3  0.222062  0.222062
       0       0       3       4    100.64    100.64
       0       0       3       5   7.51341   7.51341
       0       0       3       6   111.922   111.922
       0       0       3       7   1.63365   1.63365
       0       1       2       2   89.1353   89.1353
       0       1       2       3   97.2058   97.2058
       0       1       2       4   61.9281   66.9281   
       0       1       2       5   73.0587   78.0587   
       0       1       2       6   90.8075   90.8075
       0       1       2       7   45.7091   45.7091
       0       1       3       2   117.517   117.517
       0       1       3       3   125.588   125.588
       0       1       3       4   90.5777   90.5777
       0       1       3       5   101.708   101.708
       0       1       3       6   119.604   119.604
       0       1       3       7   74.5055   74.5055
       0       2       2       0   92.2058   97.2058   
       0       2       2       1  -4.47339   0.52661   
       0       2       2       4   74.1022   79.1022   
       0       2       2       5  -3.05697   1.94303   
       0       2       2       6   104.261   104.261
       0       2       2       7   23.3353   23.3353
       0       2       3       0   125.588   125.588
       0       2       3       1  0.222062  0.222062
       0       2       3       4   110.438   110.438
       0       2       3       5   6.52635   6.52635
       0       2       3       6   140.744   140.744
       0       2       3       7   59.8183   59.8183
       0       3       2       0   84.1353   89.1353   
       0       3       2       1   71.7209   76.7209   
       0       3       2       4    79.507    84.507   
       0       3       2       5   93.8093   98.8093   
       0       3       2       6   60.2385   60.2385
       0       3       2       7   106.079   106.079
       0       3       3       0   117.517   117.517
       0       3       3       1   105.103   105.103
       0       3       3       4   115.843   115.843
       0       3       3       5   130.145   130.145
       0       3       3       6   96.7215   96.7215
       0       3       3       7   142.562   142.562
       0       4       2       0   68.0587   78.0587   
       0       4       2       1  -7.70658   2.29342     
       0       4       2       2   93.8093   98.8093   
       0       4       2       3  -3.05697   1.94303   
       0       4       2       6   93.4988   98.4988   
       0       4       2       7   84.1366   89.1366   
       0       4       3       0   96.7083   101.708   
       0       4       3       1   2.51341   7.51341   
       0       4       3       2   125.145   130.145   
       0       4       3       3   1.52635   6.52635   
       0       4       3       6   125.249   130.249   
       0       4       3       7   115.887   120.887   
       0       5       2       0   56.9281   66.9281   
       0       5       2       1   66.9903   76.9903   
       0       5       2       2    79.507    84.507   
       0       5       2       3   74.1022   79.1022   
       0       5       2       6   89.6165   94.6165   
       0       5       2       7   76.8261   81.8261   
       0       5       3       0   85.5777   90.5777   
       0       5       3       1   95.6399    100.64   
       0       5       3       2   110.843   115.843   
       0       5       3       3   105.438   110.438   
       0       5       3       6   121.367   126.367   
       0       5       3       7   108.577   113.577   
       0       6       2       0   40.7091   45.7091   
       0       6       2       1   66.0454   71.0454   
       0       6       2       2   106.079   106.079
       0       6       2       3   23.3353   23.3353
       0       6       2       4   76.8261   81.8261   
       0       6       2       5   84.1366   89.1366   
       0       6       3       0   74.5055   74.5055
       0       6       3       1   1.63365   1.63365
       0       6       3       2   142.562   142.562
       0       6       3       3   59.8183   59.8183
       0       6       3       4   113.577   113.577
       0       6       3       5   120.887   120.887
       0       7       2       0   85.8075   90.8075   
       0       7       2       1   78.1255   83.1255   
       0       7       2       2   60.2385   60.2385
       0       7       2       3   104.261   104.261
       0       7       2       4   89.6165   94.6165   
       0       7       2       5   93.4988   98.4988   
       0       7       3       0   119.604   119.604
       0       7       3       1   111.922   111.922
       0       7       3       2   96.7215   96.7215
       0       7       3       3   140.744   140.744
       0       7       3       4   126.367   126.367
       0       7       3       5   130.249   130.249
       2       0       4       2   68.5209   73.5209   
       2       0       4       3  -4.33813  0.661867   
       2       0       4       4   68.7903   73.7903   
       2       0       4       5  -4.94127 0.0587272   
       2       0       4       6   74.9255   79.9255   
       2       0       4       7   62.8454   67.8454   
       2       0       5       8   96.3348   101.335   
       2       0       5       9   78.4741   83.4741   
       2       1       3       3   40.8739   57.2739       
       2       1       3       6   195.461   50.4611      
       2       1       3       7  -3.43738   5.36262         
       2       1       4       2   80.9353   85.9353   
       2       1       4       3   89.0058   94.0058   
       2       1       4       4   58.7281   63.7281   
       2       1       4       5   69.8587   74.8587   
       2       1       4       6   82.6075   87.6075   
       2       1       4       7   37.5091   42.5091   
       2       1       5       8   137.179   142.179   
       2       1       5       9   152.256   157.256   
       2       2       3       0   45.8739   57.2739    
       2       2       3       5   43.5571   54.9571    
       2       2       3       6   206.228   56.2284   
       2       2       3       7   47.1605   58.5605    
       2       2       4       0   94.0058   94.0058
       2       2       4       1  0.661867  0.661867
       2       2       4       4   75.9022   75.9022
       2       2       4       5   2.25902   2.25902
       2       2       4       6   101.061   101.061
       2       2       4       7   20.1353   20.1353
       2       2       5       8   79.0586   79.0586
       2       2       5       9    109.24    109.24
       2       3       3       5   44.5232   55.9232    
       2       3       3       6   0.80562   12.2056    
       2       3       3       7   208.046   58.0461   
       2       3       4       0   85.9353   85.9353
       2       3       4       1   73.5209   73.5209
       2       3       4       4    81.307    81.307
       2       3       4       5   95.6093   95.6093
       2       3       4       6   57.0385   57.0385
       2       3       4       7   102.879   102.879
       2       3       5       8   165.901   165.901
       2       3       5       9   176.385   176.385
       2       4       3       2   39.5232   55.9232       
       2       4       3       3   199.957   54.9571      
       2       4       3       6   38.7981   55.1981       
       2       4       4       0   69.8587   74.8587   
       2       4       4       1  -4.94127 0.0587272   
       2       4       4       2   90.6093   95.6093   
       2       4       4       3  -2.74098   2.25902   
       2       4       4       6   90.2988   95.2988   
       2       4       4       7   80.9366   85.9366   
       2       4       5       8   102.608   107.608   
       2       4       5       9   112.198   117.198   
       2       5       3       6   34.9158   51.3158       
       2       5       4       0   58.7281   63.7281   
       2       5       4       1   68.7903   73.7903   
       2       5       4       2    76.307    81.307   
       2       5       4       3   70.9022   75.9022   
       2       5       4       6   86.4165   91.4165   
       2       5       4       7   73.6261   78.6261   
       2       5       5       8   155.595   160.595   
       2       5       5       9   151.385   156.385   
       2       6       3       0   1.56262   5.36262    
       2       6       3       2   208.046   58.0461   
       2       6       3       3   47.1605   58.5605    
       2       6       4       0   42.5091   42.5091
       2       6       4       1   67.8454   67.8454
       2       6       4       2   102.879   102.879
       2       6       4       3   20.1353   20.1353
       2       6       4       4   78.6261   78.6261
       2       6       4       5   85.9366   85.9366
       2       6       5       8   160.047   160.047
       2       6       5       9   173.458   173.458
       2       7       3       0   39.0611   50.4611    
       2       7       3       2   0.80562   12.2056    
       2       7       3       3   206.228   56.2284   
       2       7       3       4   201.316   51.3158   
       2       7       3       5   43.7981   55.1981    
       2       7       4       0   87.6075   87.6075
       2       7       4       1   79.9255   79.9255
       2       7       4       2   57.0385   57.0385
       2       7       4       3   101.061   101.061
       2       7       4       4   91.4165   91.4165
       2       7       4       5   95.2988   95.2988
       2       7       5       8   172.152   172.152
       2       7       5       9   179.711   179.711
       3       0       5       8   59.8205   59.8205
       3       0       5       9   41.9598   41.9598
       3       0       6       8   124.335   124.335
       3       0       6       9   106.474   106.474
       3       1       4       3   45.9739   57.3739    
       3       1       4       6   200.561   50.5611   
       3       1       4       7   1.66262   5.46262    
       3       1       5       8   100.664   100.664
       3       1       5       9   115.741   115.741
       3       1       6       8   165.179   165.179
       3       1       6       9   180.256   180.256
       3       2       4       0   45.9739   57.3739    
       3       2       4       5   43.6571   55.0571    
       3       2       4       6   206.328   56.3284   
       3       2       4       7   47.2605   58.6605    
       3       2       5       8   29.8578   29.8578
       3       2       5       9    60.039    60.039
       3       2       6       8   102.059   102.059
       3       2       6       9    132.24    132.24
       3       3       4       5   44.6232   56.0232    
       3       3       4       6   0.90562   12.3056    
       3       3       4       7   208.146   58.1461   
       3       3       5       8     116.7     116.7
       3       3       5       9   127.184   127.184
       3       3       6       8   188.901   188.901
       3       3       6       9   199.385   199.385
       3       4       4       2   44.6232   56.0232    
       3       4       4       3   205.057   55.0571   
       3       4       4       6   43.8981   55.2981    
       3       4       5       8   63.1393   63.1393
       3       4       5       9   72.7297   72.7297
       3       4       6       8   130.608   130.608
       3       4       6       9   140.198   140.198
       3       5       4       6   40.0158   51.4158    
       3       5       5       8   116.126   116.126
       3       5       5       9   111.917   111.917
       3       5       6       8   183.595   183.595
       3       5       6       9   179.385   179.385
       3       6       4       0   1.66262   5.46262    
       3       6       4       2   208.146   58.1461   
       3       6       4       3   47.2605   58.6605    
       3       6       5       8   110.431   110.431
       3       6       5       9   123.843   123.843
       3       6       6       8   183.047   183.047
       3       6       6       9   196.458   196.458
       3       7       4       0   39.1611   50.5611    
       3       7       4       2   0.90562   12.3056      
       3       7       4       3   206.328   56.3284   
       3       7       4       4   201.416   51.4158   
       3       7       4       5   43.8981   55.2981    
       3       7       5       8   122.536   122.536
       3       7       5       9   130.095   130.095
       3       7       6       8   195.152   195.152
       3       7       6       9   202.711   202.711
       4       0       5       8   33.2062   33.2062
       4       0       5       9   15.3455   15.3455
       4       0       6       8   94.2205   94.2205
       4       0       6       9   76.3598   76.3598
       4       1       5       8   74.0502   74.0502
       4       1       5       9    89.127    89.127
       4       1       6       8   135.064   135.064
       4       1       6       9   150.141   150.141
       4       2       5       8  0.234013  0.234013
       4       2       5       9   25.7382   25.7382
       4       2       6       8   64.2578   64.2578  
       4       2       6       9    94.439    94.439
       4       3       5       8   82.3992   82.3992
       4       3       5       9   92.8835   92.8835
       4       3       6       8     151.1     151.1
       4       3       6       9   161.584   161.584
       4       4       5       8   33.5707   33.5707
       4       4       5       9   43.1611   43.1611
       4       4       6       8   97.5393   97.5393
       4       4       6       9    107.13    107.13
       4       5       5       8   86.5578   86.5578
       4       5       5       9   82.3482   82.3482
       4       5       6       8   150.526   150.526
       4       5       6       9   146.317   146.317
       4       6       5       8    75.716    75.716
       4       6       5       9   89.1272   89.1272
       4       6       6       8   144.831   144.831
       4       6       6       9   158.243   158.243
       4       7       5       8   87.8207   87.8207
       4       7       5       9   95.3798   95.3798
       4       7       6       8   156.936   156.936
       4       7       6       9   164.495   164.495
