     0       0       1       3   32.8557   54.2557       
       0       0       1       5  -3.78128   1.21872   
       0       0       1       7   32.7976   54.1976       
       0       1       1       2    34.832    56.232       
       0       1       1       4   37.9672   54.3672       
       0       1       1      12  -2.17678   6.62322       
       0       2       1       1   37.8557   54.2557       
       0       2       1       7  -8.56028   12.8397       
       0       2       1      10   35.0632   51.4632       
       0       3       1       0    39.832    56.232       
       0       3       1      12   34.9099   51.3099       
       0       4       1       1   1.21872   1.21872
       0       4       1       6   39.4402   55.8402       
       0       5       1       0   42.9672   54.3672    
       0       5       1      12    41.833    53.233    
       0       6       1       1   37.7976   54.1976       
       0       6       1       3  -8.56028   12.8397         
       0       7       1       5   39.4402   55.8402       
       0      10       1      13   1.55371   1.55371
       0      11       1       3   35.0632   51.4632       
       0      12       1      11  -3.44629   1.55371   
       0      13       1       0  -2.17678   6.62322       
       0      13       1       2   29.9099   51.3099       
       0      13       1       4    36.833    53.233       
       1       1       2       8   45.0621   56.4621    
       1       1       2       9   203.527   53.5268   
       1       3       2       8  -2.82917   9.77083         
       1       3       2       9   145.068 0.0682719      
       1      13       2       8   202.159   52.1591   
       1      13       2       9   43.0954   54.4954    
       2       8       3       0   111.577   116.577   
       2       8       3       1   98.2167   103.217   
       2       8       3       2   58.5394   58.5394
       2       8       3       3   109.981   109.981
       2       8       3       4   102.713   107.713   
       2       8       3       5   95.3598    100.36   
       2       8       3       6   90.4472   95.4472   
       2       8       3       7   101.357   106.357   
       2       8       3      10   49.0189   49.0189  
       2       8       3      11   97.8248   97.8248
       2       8       3      12   112.545   117.545   
       2       8       3      13   93.5963   98.5963   
       2       9       3       0   114.512   119.512   
       2       9       3       1   100.924   105.924   
       2       9       3       2   72.8208   72.8208
       2       9       3       3     108.6     108.6
       2       9       3       4    103.31    108.31   
       2       9       3       5    98.984   103.984   
       2       9       3       6   93.3809   98.3809   
       2       9       3       7   100.266   105.266   
       2       9       3      10   108.099   108.099
       2       9       3      11   97.5416   97.5416
       2       9       3      12   110.209   115.209   
       2       9       3      13   93.3954   98.3954   
       3       0       4       2   55.1201   65.1201   
       3       0       4       3   61.7057   71.7057   
       3       0       4       4   48.6376   53.6376   
       3       0       4       5   13.6687   18.6687   
       3       0       4       6  -2.70163   7.29837   
       3       0       4       7   61.6476   71.6476   
       3       0       4      10   51.0629   56.0629   
       3       0       4      11    55.522    60.522   
       3       0       4      12   43.4261   53.4261   
       3       0       4      13   48.0025   58.0025   
       3       1       4       2    63.682    73.682   
       3       1       4       3   49.8684   59.8684   
       3       1       4       4   2.45623   7.45623   
       3       1       4       5   55.1538   60.1538   
       3       1       4       6   47.2183   57.2183   
       3       1       4       7   48.1889   58.1889   
       3       1       4      10   51.9251   56.9251   
       3       1       4      11   51.8823   56.8823   
       3       1       4      12   14.0732   24.0732   
       3       1       4      13   49.4412   59.4412   
       3       2       4       0   54.8684   59.8684   
       3       2       4       1   66.7057   71.7057   
       3       2       4       4   54.1421   54.1421
       3       2       4       5   64.4068   64.4068
       3       2       4       6   54.1842   59.1842   
       3       2       4       7   25.2897   30.2897   
       3       2       4      10   68.9132   68.9132
       3       2       4      11   60.7425   60.7425
       3       2       4      12   52.9084   57.9084   
       3       2       4      13   52.7784   57.7784   
       3       3       4       0    68.682    73.682   
       3       3       4       1   60.1201   65.1201   
       3       3       4       4   62.6662   62.6662
       3       3       4       5   62.3932   62.3932
       3       3       4       6   51.0357   56.0357   
       3       3       4       7   58.8321   63.8321   
       3       3       4      10   65.5665   65.5665
       3       3       4      11    54.419    54.419
       3       3       4      12     3.514     8.514   
       3       3       4      13   49.6102   54.6102   
       3       4       4       0   50.1538   60.1538   
       3       4       4       1   8.66872   18.6687   
       3       4       4       2   52.3932   62.3932   
       3       4       4       3   54.4068   64.4068   
       3       4       4       6   63.2902   73.2902   
       3       4       4       7   55.3065   65.3065   
       3       4       4      10   45.0391   50.0391   
       3       4       4      11   57.5215   62.5215   
       3       4       4      12   43.4204   53.4204   
       3       4       4      13   51.3694   61.3694   
       3       5       4       0  -2.54377   7.45623   
       3       5       4       1   43.6376   53.6376   
       3       5       4       2   52.6662   62.6662   
       3       5       4       3   44.1421   54.1421   
       3       5       4       6   47.6636   57.6636   
       3       5       4       7   43.9158   53.9158   
       3       5       4      11   54.4831   59.4831   
       3       5       4      12  -2.41633   7.58367   
       3       5       4      13   54.7169   64.7169   
       3       6       4       0   48.1889   58.1889   
       3       6       4       1   61.6476   71.6476   
       3       6       4       2   53.8321   63.8321   
       3       6       4       3   20.2897   30.2897   
       3       6       4       4   48.9158   53.9158   
       3       6       4       5   60.3065   65.3065   
       3       6       4      10   58.8157   63.8157   
       3       6       4      11   58.2421   63.2421   
       3       6       4      12   46.0246   56.0246   
       3       6       4      13   49.9404   59.9404   
       3       7       4       0   47.2183   57.2183   
       3       7       4       1  -2.70163   7.29837   
       3       7       4       2   46.0357   56.0357   
       3       7       4       3   49.1842   59.1842   
       3       7       4       4   52.6636   57.6636   
       3       7       4       5   68.2902   73.2902   
       3       7       4      11   61.7144   66.7144   
       3       7       4      12     41.33     51.33   
       3       7       4      13   57.2369   67.2369   
       3      10       4       0   51.8823   56.8823   
       3      10       4       1    55.522    60.522   
       3      10       4       2    49.419    54.419   
       3      10       4       3   55.7425   60.7425   
       3      10       4       4   59.4831   59.4831
       3      10       4       5   62.5215   62.5215
       3      10       4       6   61.7144   66.7144   
       3      10       4       7   58.2421   63.2421   
       3      10       4      12   49.8066   54.8066   
       3      10       4      13   14.0037   19.0037     
       3      11       4       0   51.9251   56.9251   
       3      11       4       1   51.0629   56.0629   
       3      11       4       2   60.5665   65.5665   
       3      11       4       3   63.9132   68.9132   
       3      11       4       5   50.0391   50.0391
       3      11       4       7   58.8157   63.8157   
       3      11       4      12   52.9378   57.9378   
       3      12       4       0   49.4412   59.4412   
       3      12       4       1   48.0025   58.0025   
       3      12       4       2   44.6102   54.6102   
       3      12       4       3   47.7784   57.7784   
       3      12       4       4   59.7169   64.7169   
       3      12       4       5   56.3694   61.3694   
       3      12       4       6   57.2369   67.2369   
       3      12       4       7   49.9404   59.9404   
       3      12       4      11   14.0037   19.0037   
       3      13       4       0   14.0732   24.0732   
       3      13       4       1   43.4261   53.4261   
       3      13       4       2    -1.486     8.514   
       3      13       4       3   47.9084   57.9084   
       3      13       4       4   2.58367   7.58367   
       3      13       4       5   48.4204   53.4204   
       3      13       4       6     41.33     51.33   
       3      13       4       7   46.0246   56.0246   
       3      13       4      10   52.9378   57.9378   
       3      13       4      11   49.8066   54.8066   
       4       0       5       2   52.1201   62.1201   
       4       0       5       3   58.7057   68.7057   
       4       0       5       4   45.6376   50.6376   
       4       0       5       5   10.6687   15.6687   
       4       0       5       6 -0.701634   4.29837   
       4       0       5       7   63.6476   68.6476   
       4       0       5       8   60.5743   65.5743   
       4       0       5       9   57.8667   62.8667   
       4       0       5      10   48.0629   53.0629   
       4       0       5      11    52.522    57.522   
       4       0       5      12   45.4261   50.4261   
       4       0       5      13   50.0025   55.0025   
       4       1       5       2    60.682    70.682   
       4       1       5       3   46.8684   56.8684   
       4       1       5       4 -0.543765   4.45623   
       4       1       5       5   52.1538   57.1538   
       4       1       5       6   49.2183   54.2183   
       4       1       5       7   50.1889   55.1889   
       4       1       5       8   74.1621   79.1621   
       4       1       5       9   71.2268   76.2268   
       4       1       5      10   48.9251   53.9251   
       4       1       5      11   48.8823   53.8823   
       4       1       5      12   16.0732   21.0732   
       4       1       5      13   51.4412   56.4412   
       4       2       5       0   51.8684   56.8684   
       4       2       5       1   63.7057   68.7057   
       4       2       5       4   46.1421   51.1421   
       4       2       5       5   56.4068   61.4068   
       4       2       5       6   51.1842   56.1842   
       4       2       5       7   22.2897   27.2897   
       4       2       5       8   63.2499   68.2499   
       4       2       5       9   64.6315   69.6315   
       4       2       5      10   60.9132   65.9132   
       4       2       5      11   52.7425   57.7425   
       4       2       5      12   49.9084   54.9084   
       4       2       5      13   49.7784   54.7784   
       4       3       5       0    65.682    70.682   
       4       3       5       1   57.1201   62.1201   
       4       3       5       4   54.6662   59.6662   
       4       3       5       5   54.3932   59.3932   
       4       3       5       6   48.0357   53.0357   
       4       3       5       7   55.8321   60.8321   
       4       3       5       8   27.4708   32.4708   
       4       3       5       9   13.1894   18.1894   
       4       3       5      10   57.5665   62.5665   
       4       3       5      11    46.419    51.419   
       4       3       5      12  0.513998     5.514   
       4       3       5      13   46.6102   51.6102   
       4       4       5       0   57.1538   57.1538
       4       4       5       1   15.6687   15.6687
       4       4       5       2   54.3932   59.3932   
       4       4       5       3   56.4068   61.4068   
       4       4       5       6   70.2902   70.2902
       4       4       5       7   62.3065   62.3065
       4       4       5       8    63.634    63.634
       4       4       5       9   60.0098   60.0098
       4       4       5      11   59.5215   59.5215
       4       4       5      12   50.4204   50.4204
       4       4       5      13   58.3694   58.3694
       4       5       5       0   4.45623   4.45623
       4       5       5       1   50.6376   50.6376
       4       5       5       2   54.6662   59.6662   
       4       5       5       3   46.1421   51.1421   
       4       5       5       6   54.6636   54.6636
       4       5       5       7   50.9158   50.9158
       4       5       5       8   67.9597   67.9597
       4       5       5       9   67.3626   67.3626
       4       5       5      11   56.4831   56.4831
       4       5       5      12   4.58367   4.58367
       4       5       5      13   61.7169   61.7169
       4       6       5       0   50.1889   55.1889   
       4       6       5       1   63.6476   68.6476   
       4       6       5       2   50.8321   60.8321   
       4       6       5       3   17.2897   27.2897   
       4       6       5       4   45.9158   50.9158   
       4       6       5       5   57.3065   62.3065   
       4       6       5       8   59.9157   64.9157   
       4       6       5       9    61.007    66.007   
       4       6       5      10   55.8157   60.8157   
       4       6       5      11   55.2421   60.2421   
       4       6       5      12   48.0246   53.0246   
       4       6       5      13   51.9404   56.9404   
       4       7       5       0   49.2183   54.2183   
       4       7       5       1 -0.701634   4.29837   
       4       7       5       2   43.0357   53.0357   
       4       7       5       3   46.1842   56.1842   
       4       7       5       4   49.6636   54.6636   
       4       7       5       5   65.2902   70.2902   
       4       7       5       8   53.0309   58.0309   
       4       7       5       9   50.0972   55.0972   
       4       7       5      11   58.7144   63.7144   
       4       7       5      13   59.2369   64.2369   
       4      10       5       0   53.8823   53.8823
       4      10       5       1    57.522    57.522
       4      10       5       2    46.419    51.419   
       4      10       5       3   52.7425   57.7425   
       4      10       5       4   56.4831   56.4831
       4      10       5       5   59.5215   59.5215
       4      10       5       6   63.7144   63.7144
       4      10       5       7   60.2421   60.2421
       4      10       5       8   57.1916   57.1916
       4      10       5       9   57.4748   57.4748
       4      10       5      12   51.8066   51.8066
       4      10       5      13   16.0037   16.0037
       4      11       5       0   53.9251   53.9251
       4      11       5       1   53.0629   53.0629
       4      11       5       2   57.5665   62.5665   
       4      11       5       3   60.9132   65.9132   
       4      11       5       7   60.8157   60.8157
       4      11       5       8   67.7492   67.7492
       4      11       5       9   8.66895   8.66895
       4      11       5      12   54.9378   54.9378
       4      12       5       0   51.4412   56.4412   
       4      12       5       1   50.0025   55.0025   
       4      12       5       2   41.6102   51.6102   
       4      12       5       3   44.7784   54.7784   
       4      12       5       4   56.7169   61.7169   
       4      12       5       5   53.3694   58.3694   
       4      12       5       6   59.2369   64.2369   
       4      12       5       7   51.9404   56.9404   
       4      12       5       8   53.0454   58.0454   
       4      12       5       9   53.2463   58.2463   
       4      12       5      11   11.0037   16.0037   
       4      13       5       0   16.0732   21.0732     
       4      13       5       1   45.4261   50.4261   
       4      13       5       2    -4.486     5.514   
       4      13       5       3   44.9084   54.9084   
       4      13       5       4 -0.416332   4.58367   
       4      13       5       5   45.4204   50.4204   
       4      13       5       7   48.0246   53.0246   
       4      13       5       8   69.8591   74.8591   
       4      13       5       9   72.1954   77.1954   
       4      13       5      10   49.9378   54.9378   
       4      13       5      11   46.8066   51.8066   
       5       0       6       2   63.9701   68.9701   
       5       0       6       3   70.5557   75.5557   
       5       0       6       4   57.4876   57.4876
       5       0       6       5   22.5187   22.5187  
       5       0       6       6   6.14837   11.1484   
       5       0       6       7   70.4976   75.4976   
       5       0       6      10   59.9129   59.9129
       5       0       6      11    64.372    64.372
       5       0       6      12   57.2761   57.2761
       5       0       6      13   61.8525   61.8525
       5       1       6       2    72.532    77.532   
       5       1       6       3   58.7184   63.7184   
       5       1       6       4   11.3062   11.3062
       5       1       6       5   64.0038   64.0038
       5       1       6       6   56.0683   61.0683   
       5       1       6       7   57.0389   62.0389   
       5       1       6      10   60.7751   60.7751
       5       1       6      11   60.7323   60.7323
       5       1       6      12   27.9232   27.9232
       5       1       6      13   63.2912   63.2912
       5       2       6       0   58.7184   63.7184   
       5       2       6       1   70.5557   75.5557   
       5       2       6       4   52.9921   57.9921   
       5       2       6       5   63.2568   68.2568   
       5       2       6       6   53.0342   63.0342   
       5       2       6       7   24.1397   34.1397   
       5       2       6      10   67.7632   72.7632   
       5       2       6      11   59.5925   64.5925   
       5       2       6      12   56.7584   61.7584   
       5       2       6      13   56.6284   61.6284   
       5       3       6       0    72.532    77.532   
       5       3       6       1   63.9701   68.9701   
       5       3       6       4   61.5162   66.5162   
       5       3       6       5   61.2432   66.2432   
       5       3       6       6   49.8857   59.8857   
       5       3       6       7   57.6821   67.6821   
       5       3       6      10   64.4165   69.4165   
       5       3       6      11    53.269    58.269   
       5       3       6      12     7.364    12.364   
       5       3       6      13   53.4602   58.4602   
       5       4       6       0   64.0038   64.0038
       5       4       6       1   22.5187   22.5187
       5       4       6       2   61.2432   66.2432   
       5       4       6       3   63.2568   68.2568   
       5       4       6       6   72.1402   77.1402   
       5       4       6       7   64.1565   69.1565   
       5       4       6      10   53.8891   53.8891
       5       4       6      11   66.3715   66.3715
       5       4       6      12   57.2704   57.2704
       5       4       6      13   65.2194   65.2194
       5       5       6       0   11.3062   11.3062
       5       5       6       1   57.4876   57.4876
       5       5       6       2   61.5162   66.5162   
       5       5       6       3   52.9921   57.9921   
       5       5       6       6   56.5136   61.5136   
       5       5       6       7   52.7658   57.7658   
       5       5       6      10   53.4501   53.4501
       5       5       6      11   63.3331   63.3331
       5       5       6      12   11.4337   11.4337
       5       5       6      13   68.5669   68.5669
       5       6       6       0   62.0389   62.0389
       5       6       6       1   75.4976   75.4976
       5       6       6       2   62.6821   67.6821   
       5       6       6       3   29.1397   34.1397   
       5       6       6       4   57.7658   57.7658
       5       6       6       5   69.1565   69.1565
       5       6       6      10   67.6657   67.6657
       5       6       6      11   67.0921   67.0921
       5       6       6      12   59.8746   59.8746
       5       6       6      13   63.7904   63.7904
       5       7       6       0   61.0683   61.0683
       5       7       6       1   11.1484   11.1484
       5       7       6       2   54.8857   59.8857   
       5       7       6       3   58.0342   63.0342   
       5       7       6       4   61.5136   61.5136
       5       7       6       5   77.1402   77.1402
       5       7       6      11   70.5644   70.5644
       5       7       6      12     55.18     55.18
       5       7       6      13   71.0869   71.0869
       5       8       6       0   83.0768   83.0768
       5       8       6       1   69.7167   69.7167
       5       8       6       2   20.0394   25.0394   
       5       8       6       3   71.4815   76.4815   
       5       8       6       4   74.2126   74.2126
       5       8       6       5   66.8598   66.8598
       5       8       6       6   56.9472   61.9472   
       5       8       6       7    67.857    72.857   
       5       8       6      10   15.5189   15.5189
       5       8       6      11   64.3248   64.3248
       5       8       6      12   84.0454   84.0454
       5       8       6      13   65.0963   65.0963
       5       9       6       0   86.0121   86.0121
       5       9       6       1   72.4243   72.4243
       5       9       6       2   34.3208   39.3208   
       5       9       6       3   70.0999   75.0999   
       5       9       6       4   74.8097   74.8097
       5       9       6       5    70.484    70.484
       5       9       6       6   59.8809   64.8809   
       5       9       6       7   66.7657   71.7657   
       5       9       6      10   74.5992   74.5992
       5       9       6      11   64.0416   64.0416
       5       9       6      12   81.7091   81.7091
       5       9       6      13   64.8954   64.8954
       5      10       6       0   60.7323   60.7323
       5      10       6       1    64.372    64.372
       5      10       6       2    53.269    58.269   
       5      10       6       3   59.5925   64.5925   
       5      10       6       4   63.3331   63.3331
       5      10       6       5   66.3715   66.3715
       5      10       6       6   65.5644   70.5644   
       5      10       6       7   62.0921   67.0921   
       5      10       6      12   58.6566   58.6566
       5      10       6      13   22.8537   22.8537
       5      11       6       0   60.7751   60.7751
       5      11       6       1   59.9129   59.9129
       5      11       6       2   64.4165   69.4165   
       5      11       6       3   67.7632   72.7632   
       5      11       6       4   53.4501   53.4501
       5      11       6       5   53.8891   53.8891
       5      11       6       7   62.6657   67.6657   
       5      11       6      12   61.7878   61.7878
       5      11       6      13   50.7339   50.7339
       5      12       6       0   63.2912   63.2912
       5      12       6       1   61.8525   61.8525
       5      12       6       2   53.4602   58.4602   
       5      12       6       3   56.6284   61.6284   
       5      12       6       4   68.5669   68.5669
       5      12       6       5   65.2194   65.2194
       5      12       6       6   66.0869   71.0869   
       5      12       6       7   58.7904   63.7904   
       5      12       6      10   50.7339   50.7339
       5      12       6      11   22.8537   22.8537
       5      13       6       0   27.9232   27.9232
       5      13       6       1   57.2761   57.2761
       5      13       6       2     7.364    12.364   
       5      13       6       3   56.7584   61.7584   
       5      13       6       4   11.4337   11.4337
       5      13       6       5   57.2704   57.2704
       5      13       6       6     50.18     55.18   
       5      13       6       7   54.8746   59.8746   
       5      13       6      10   61.7878   61.7878
       5      13       6      11   58.6566   58.6566
